"u (um/s):0","u (um/s):1","u (um/s):2","vtkValidPointMask","arc_length","Points:0","Points:1","Points:2"
0.00000e+00,0.00000e+00,0.00000e+00,1,0.00000e+00,1.00000e-01,0.00000e+00,0.00000e+00
-4.23030e-06,6.87473e-08,0.00000e+00,1,2.54000e-02,1.00000e-01,2.54000e-02,0.00000e+00
-1.01214e-06,9.02801e-08,0.00000e+00,1,5.08000e-02,1.00000e-01,5.08000e-02,0.00000e+00
6.84151e-06,2.84854e-07,0.00000e+00,1,7.62000e-02,1.00000e-01,7.62000e-02,0.00000e+00
1.83887e-05,4.66187e-07,0.00000e+00,1,1.01600e-01,1.00000e-01,1.01600e-01,0.00000e+00
3.31917e-05,6.08516e-07,0.00000e+00,1,1.27000e-01,1.00000e-01,1.27000e-01,0.00000e+00
5.12952e-05,7.42507e-07,0.00000e+00,1,1.52400e-01,1.00000e-01,1.52400e-01,0.00000e+00
7.26006e-05,7.60832e-07,0.00000e+00,1,1.77800e-01,1.00000e-01,1.77800e-01,0.00000e+00
9.68972e-05,1.06688e-06,0.00000e+00,1,2.03200e-01,1.00000e-01,2.03200e-01,0.00000e+00
1.24529e-04,1.27277e-06,0.00000e+00,1,2.28600e-01,1.00000e-01,2.28600e-01,0.00000e+00
1.55246e-04,1.32898e-06,0.00000e+00,1,2.54000e-01,1.00000e-01,2.54000e-01,0.00000e+00
1.89078e-04,1.51608e-06,0.00000e+00,1,2.79400e-01,1.00000e-01,2.79400e-01,0.00000e+00
2.26113e-04,1.64544e-06,0.00000e+00,1,3.04800e-01,1.00000e-01,3.04800e-01,0.00000e+00
2.66048e-04,1.79055e-06,0.00000e+00,1,3.30200e-01,1.00000e-01,3.30200e-01,0.00000e+00
3.09052e-04,1.94207e-06,0.00000e+00,1,3.55600e-01,1.00000e-01,3.55600e-01,0.00000e+00
3.55029e-04,2.08678e-06,0.00000e+00,1,3.81000e-01,1.00000e-01,3.81000e-01,0.00000e+00
4.03974e-04,2.24741e-06,0.00000e+00,1,4.06400e-01,1.00000e-01,4.06400e-01,0.00000e+00
4.55799e-04,2.38014e-06,0.00000e+00,1,4.31800e-01,1.00000e-01,4.31800e-01,0.00000e+00
5.10517e-04,2.53483e-06,0.00000e+00,1,4.57200e-01,1.00000e-01,4.57200e-01,0.00000e+00
5.68073e-04,2.68082e-06,0.00000e+00,1,4.82600e-01,1.00000e-01,4.82600e-01,0.00000e+00
6.28449e-04,2.82746e-06,0.00000e+00,1,5.08000e-01,1.00000e-01,5.08000e-01,0.00000e+00
6.91622e-04,2.97694e-06,0.00000e+00,1,5.33400e-01,1.00000e-01,5.33400e-01,0.00000e+00
7.57543e-04,3.12028e-06,0.00000e+00,1,5.58800e-01,1.00000e-01,5.58800e-01,0.00000e+00
8.26186e-04,3.26614e-06,0.00000e+00,1,5.84200e-01,1.00000e-01,5.84200e-01,0.00000e+00
8.97485e-04,3.41332e-06,0.00000e+00,1,6.09600e-01,1.00000e-01,6.09600e-01,0.00000e+00
9.71424e-04,3.56582e-06,0.00000e+00,1,6.35000e-01,1.00000e-01,6.35000e-01,0.00000e+00
1.04798e-03,3.71557e-06,0.00000e+00,1,6.60400e-01,1.00000e-01,6.60400e-01,0.00000e+00
1.12711e-03,3.85385e-06,0.00000e+00,1,6.85800e-01,1.00000e-01,6.85800e-01,0.00000e+00
1.20878e-03,4.00819e-06,0.00000e+00,1,7.11200e-01,1.00000e-01,7.11200e-01,0.00000e+00
1.29296e-03,4.14217e-06,0.00000e+00,1,7.36600e-01,1.00000e-01,7.36600e-01,0.00000e+00
1.37962e-03,4.28392e-06,0.00000e+00,1,7.62000e-01,1.00000e-01,7.62000e-01,0.00000e+00
1.46871e-03,4.43458e-06,0.00000e+00,1,7.87400e-01,1.00000e-01,7.87400e-01,0.00000e+00
1.56019e-03,4.59007e-06,0.00000e+00,1,8.12800e-01,1.00000e-01,8.12800e-01,0.00000e+00
1.65406e-03,4.73674e-06,0.00000e+00,1,8.38200e-01,1.00000e-01,8.38200e-01,0.00000e+00
1.75026e-03,4.88808e-06,0.00000e+00,1,8.63600e-01,1.00000e-01,8.63600e-01,0.00000e+00
1.84876e-03,5.04133e-06,0.00000e+00,1,8.89000e-01,1.00000e-01,8.89000e-01,0.00000e+00
1.94953e-03,5.19490e-06,0.00000e+00,1,9.14400e-01,1.00000e-01,9.14400e-01,0.00000e+00
2.05255e-03,5.33550e-06,0.00000e+00,1,9.39800e-01,1.00000e-01,9.39800e-01,0.00000e+00
2.15777e-03,5.50679e-06,0.00000e+00,1,9.65200e-01,1.00000e-01,9.65200e-01,0.00000e+00
2.26515e-03,5.65960e-06,0.00000e+00,1,9.90600e-01,1.00000e-01,9.90600e-01,0.00000e+00
2.37467e-03,5.77886e-06,0.00000e+00,1,1.01600e+00,1.00000e-01,1.01600e+00,0.00000e+00
2.48628e-03,5.91290e-06,0.00000e+00,1,1.04140e+00,1.00000e-01,1.04140e+00,0.00000e+00
2.59997e-03,6.08163e-06,0.00000e+00,1,1.06680e+00,1.00000e-01,1.06680e+00,0.00000e+00
2.71571e-03,6.22284e-06,0.00000e+00,1,1.09220e+00,1.00000e-01,1.09220e+00,0.00000e+00
2.83345e-03,6.37156e-06,0.00000e+00,1,1.11760e+00,1.00000e-01,1.11760e+00,0.00000e+00
2.95316e-03,6.50527e-06,0.00000e+00,1,1.14300e+00,1.00000e-01,1.14300e+00,0.00000e+00
3.07479e-03,6.66469e-06,0.00000e+00,1,1.16840e+00,1.00000e-01,1.16840e+00,0.00000e+00
3.19834e-03,6.79164e-06,0.00000e+00,1,1.19380e+00,1.00000e-01,1.19380e+00,0.00000e+00
3.32373e-03,6.96105e-06,0.00000e+00,1,1.21920e+00,1.00000e-01,1.21920e+00,0.00000e+00
3.45096e-03,7.11602e-06,0.00000e+00,1,1.24460e+00,1.00000e-01,1.24460e+00,0.00000e+00
3.57998e-03,7.25142e-06,0.00000e+00,1,1.27000e+00,1.00000e-01,1.27000e+00,0.00000e+00
3.71077e-03,7.40295e-06,0.00000e+00,1,1.29540e+00,1.00000e-01,1.29540e+00,0.00000e+00
3.84328e-03,7.55027e-06,0.00000e+00,1,1.32080e+00,1.00000e-01,1.32080e+00,0.00000e+00
3.97750e-03,7.69812e-06,0.00000e+00,1,1.34620e+00,1.00000e-01,1.34620e+00,0.00000e+00
4.11338e-03,7.84855e-06,0.00000e+00,1,1.37160e+00,1.00000e-01,1.37160e+00,0.00000e+00
4.25088e-03,7.98583e-06,0.00000e+00,1,1.39700e+00,1.00000e-01,1.39700e+00,0.00000e+00
4.38998e-03,8.14626e-06,0.00000e+00,1,1.42240e+00,1.00000e-01,1.42240e+00,0.00000e+00
4.53062e-03,8.28618e-06,0.00000e+00,1,1.44780e+00,1.00000e-01,1.44780e+00,0.00000e+00
4.67281e-03,8.43183e-06,0.00000e+00,1,1.47320e+00,1.00000e-01,1.47320e+00,0.00000e+00
4.81648e-03,8.58764e-06,0.00000e+00,1,1.49860e+00,1.00000e-01,1.49860e+00,0.00000e+00
4.96161e-03,8.72944e-06,0.00000e+00,1,1.52400e+00,1.00000e-01,1.52400e+00,0.00000e+00
5.10817e-03,8.87811e-06,0.00000e+00,1,1.54940e+00,1.00000e-01,1.54940e+00,0.00000e+00
5.25612e-03,9.02564e-06,0.00000e+00,1,1.57480e+00,1.00000e-01,1.57480e+00,0.00000e+00
5.40544e-03,9.17386e-06,0.00000e+00,1,1.60020e+00,1.00000e-01,1.60020e+00,0.00000e+00
5.55608e-03,9.31156e-06,0.00000e+00,1,1.62560e+00,1.00000e-01,1.62560e+00,0.00000e+00
5.70801e-03,9.46865e-06,0.00000e+00,1,1.65100e+00,1.00000e-01,1.65100e+00,0.00000e+00
5.86120e-03,9.61673e-06,0.00000e+00,1,1.67640e+00,1.00000e-01,1.67640e+00,0.00000e+00
6.01561e-03,9.76348e-06,0.00000e+00,1,1.70180e+00,1.00000e-01,1.70180e+00,0.00000e+00
6.17121e-03,9.90855e-06,0.00000e+00,1,1.72720e+00,1.00000e-01,1.72720e+00,0.00000e+00
6.32796e-03,1.00608e-05,0.00000e+00,1,1.75260e+00,1.00000e-01,1.75260e+00,0.00000e+00
6.48584e-03,1.01997e-05,0.00000e+00,1,1.77800e+00,1.00000e-01,1.77800e+00,0.00000e+00
6.64480e-03,1.03438e-05,0.00000e+00,1,1.80340e+00,1.00000e-01,1.80340e+00,0.00000e+00
6.80481e-03,1.04990e-05,0.00000e+00,1,1.82880e+00,1.00000e-01,1.82880e+00,0.00000e+00
6.96584e-03,1.06515e-05,0.00000e+00,1,1.85420e+00,1.00000e-01,1.85420e+00,0.00000e+00
7.12786e-03,1.07975e-05,0.00000e+00,1,1.87960e+00,1.00000e-01,1.87960e+00,0.00000e+00
7.29083e-03,1.09443e-05,0.00000e+00,1,1.90500e+00,1.00000e-01,1.90500e+00,0.00000e+00
7.45471e-03,1.10924e-05,0.00000e+00,1,1.93040e+00,1.00000e-01,1.93040e+00,0.00000e+00
7.61949e-03,1.12422e-05,0.00000e+00,1,1.95580e+00,1.00000e-01,1.95580e+00,0.00000e+00
7.78511e-03,1.13793e-05,0.00000e+00,1,1.98120e+00,1.00000e-01,1.98120e+00,0.00000e+00
7.95155e-03,1.15267e-05,0.00000e+00,1,2.00660e+00,1.00000e-01,2.00660e+00,0.00000e+00
8.11877e-03,1.16827e-05,0.00000e+00,1,2.03200e+00,1.00000e-01,2.03200e+00,0.00000e+00
8.28674e-03,1.18350e-05,0.00000e+00,1,2.05740e+00,1.00000e-01,2.05740e+00,0.00000e+00
8.45542e-03,1.19781e-05,0.00000e+00,1,2.08280e+00,1.00000e-01,2.08280e+00,0.00000e+00
8.62479e-03,1.21258e-05,0.00000e+00,1,2.10820e+00,1.00000e-01,2.10820e+00,0.00000e+00
8.79481e-03,1.22774e-05,0.00000e+00,1,2.13360e+00,1.00000e-01,2.13360e+00,0.00000e+00
8.96544e-03,1.24207e-05,0.00000e+00,1,2.15900e+00,1.00000e-01,2.15900e+00,0.00000e+00
9.13666e-03,1.25682e-05,0.00000e+00,1,2.18440e+00,1.00000e-01,2.18440e+00,0.00000e+00
9.30841e-03,1.27207e-05,0.00000e+00,1,2.20980e+00,1.00000e-01,2.20980e+00,0.00000e+00
9.48068e-03,1.28629e-05,0.00000e+00,1,2.23520e+00,1.00000e-01,2.23520e+00,0.00000e+00
9.65343e-03,1.30124e-05,0.00000e+00,1,2.26060e+00,1.00000e-01,2.26060e+00,0.00000e+00
9.82662e-03,1.31587e-05,0.00000e+00,1,2.28600e+00,1.00000e-01,2.28600e+00,0.00000e+00
1.00002e-02,1.33064e-05,0.00000e+00,1,2.31140e+00,1.00000e-01,2.31140e+00,0.00000e+00
1.01742e-02,1.34525e-05,0.00000e+00,1,2.33680e+00,1.00000e-01,2.33680e+00,0.00000e+00
1.03485e-02,1.36021e-05,0.00000e+00,1,2.36220e+00,1.00000e-01,2.36220e+00,0.00000e+00
1.05232e-02,1.37515e-05,0.00000e+00,1,2.38760e+00,1.00000e-01,2.38760e+00,0.00000e+00
1.06981e-02,1.38979e-05,0.00000e+00,1,2.41300e+00,1.00000e-01,2.41300e+00,0.00000e+00
1.08732e-02,1.40448e-05,0.00000e+00,1,2.43840e+00,1.00000e-01,2.43840e+00,0.00000e+00
1.10486e-02,1.41920e-05,0.00000e+00,1,2.46380e+00,1.00000e-01,2.46380e+00,0.00000e+00
1.12241e-02,1.43395e-05,0.00000e+00,1,2.48920e+00,1.00000e-01,2.48920e+00,0.00000e+00
1.13998e-02,1.44874e-05,0.00000e+00,1,2.51460e+00,1.00000e-01,2.51460e+00,0.00000e+00
1.15756e-02,1.46346e-05,0.00000e+00,1,2.54000e+00,1.00000e-01,2.54000e+00,0.00000e+00
1.17514e-02,1.47827e-05,0.00000e+00,1,2.56540e+00,1.00000e-01,2.56540e+00,0.00000e+00
1.19273e-02,1.49300e-05,0.00000e+00,1,2.59080e+00,1.00000e-01,2.59080e+00,0.00000e+00
1.21032e-02,1.50776e-05,0.00000e+00,1,2.61620e+00,1.00000e-01,2.61620e+00,0.00000e+00
1.22791e-02,1.52253e-05,0.00000e+00,1,2.64160e+00,1.00000e-01,2.64160e+00,0.00000e+00
1.24549e-02,1.53723e-05,0.00000e+00,1,2.66700e+00,1.00000e-01,2.66700e+00,0.00000e+00
1.26306e-02,1.55219e-05,0.00000e+00,1,2.69240e+00,1.00000e-01,2.69240e+00,0.00000e+00
1.28062e-02,1.56687e-05,0.00000e+00,1,2.71780e+00,1.00000e-01,2.71780e+00,0.00000e+00
1.29816e-02,1.58153e-05,0.00000e+00,1,2.74320e+00,1.00000e-01,2.74320e+00,0.00000e+00
1.31568e-02,1.59623e-05,0.00000e+00,1,2.76860e+00,1.00000e-01,2.76860e+00,0.00000e+00
1.33318e-02,1.61101e-05,0.00000e+00,1,2.79400e+00,1.00000e-01,2.79400e+00,0.00000e+00
1.35065e-02,1.62580e-05,0.00000e+00,1,2.81940e+00,1.00000e-01,2.81940e+00,0.00000e+00
1.36809e-02,1.64063e-05,0.00000e+00,1,2.84480e+00,1.00000e-01,2.84480e+00,0.00000e+00
1.38550e-02,1.65527e-05,0.00000e+00,1,2.87020e+00,1.00000e-01,2.87020e+00,0.00000e+00
1.40288e-02,1.66989e-05,0.00000e+00,1,2.89560e+00,1.00000e-01,2.89560e+00,0.00000e+00
1.42021e-02,1.68467e-05,0.00000e+00,1,2.92100e+00,1.00000e-01,2.92100e+00,0.00000e+00
1.43750e-02,1.69962e-05,0.00000e+00,1,2.94640e+00,1.00000e-01,2.94640e+00,0.00000e+00
1.45474e-02,1.71393e-05,0.00000e+00,1,2.97180e+00,1.00000e-01,2.97180e+00,0.00000e+00
1.47193e-02,1.72865e-05,0.00000e+00,1,2.99720e+00,1.00000e-01,2.99720e+00,0.00000e+00
1.48907e-02,1.74419e-05,0.00000e+00,1,3.02260e+00,1.00000e-01,3.02260e+00,0.00000e+00
1.50615e-02,1.75884e-05,0.00000e+00,1,3.04800e+00,1.00000e-01,3.04800e+00,0.00000e+00
1.52317e-02,1.77337e-05,0.00000e+00,1,3.07340e+00,1.00000e-01,3.07340e+00,0.00000e+00
1.54013e-02,1.78839e-05,0.00000e+00,1,3.09880e+00,1.00000e-01,3.09880e+00,0.00000e+00
1.55702e-02,1.80336e-05,0.00000e+00,1,3.12420e+00,1.00000e-01,3.12420e+00,0.00000e+00
1.57384e-02,1.81773e-05,0.00000e+00,1,3.14960e+00,1.00000e-01,3.14960e+00,0.00000e+00
1.59058e-02,1.83245e-05,0.00000e+00,1,3.17500e+00,1.00000e-01,3.17500e+00,0.00000e+00
1.60725e-02,1.84728e-05,0.00000e+00,1,3.20040e+00,1.00000e-01,3.20040e+00,0.00000e+00
1.62384e-02,1.86210e-05,0.00000e+00,1,3.22580e+00,1.00000e-01,3.22580e+00,0.00000e+00
1.64034e-02,1.87564e-05,0.00000e+00,1,3.25120e+00,1.00000e-01,3.25120e+00,0.00000e+00
1.65676e-02,1.89138e-05,0.00000e+00,1,3.27660e+00,1.00000e-01,3.27660e+00,0.00000e+00
1.67308e-02,1.90640e-05,0.00000e+00,1,3.30200e+00,1.00000e-01,3.30200e+00,0.00000e+00
1.68931e-02,1.92075e-05,0.00000e+00,1,3.32740e+00,1.00000e-01,3.32740e+00,0.00000e+00
1.70545e-02,1.93624e-05,0.00000e+00,1,3.35280e+00,1.00000e-01,3.35280e+00,0.00000e+00
1.72148e-02,1.95109e-05,0.00000e+00,1,3.37820e+00,1.00000e-01,3.37820e+00,0.00000e+00
1.73741e-02,1.96592e-05,0.00000e+00,1,3.40360e+00,1.00000e-01,3.40360e+00,0.00000e+00
1.75323e-02,1.98086e-05,0.00000e+00,1,3.42900e+00,1.00000e-01,3.42900e+00,0.00000e+00
1.76894e-02,1.99515e-05,0.00000e+00,1,3.45440e+00,1.00000e-01,3.45440e+00,0.00000e+00
1.78453e-02,2.00956e-05,0.00000e+00,1,3.47980e+00,1.00000e-01,3.47980e+00,0.00000e+00
1.80001e-02,2.02306e-05,0.00000e+00,1,3.50520e+00,1.00000e-01,3.50520e+00,0.00000e+00
1.81537e-02,2.03940e-05,0.00000e+00,1,3.53060e+00,1.00000e-01,3.53060e+00,0.00000e+00
1.83060e-02,2.05428e-05,0.00000e+00,1,3.55600e+00,1.00000e-01,3.55600e+00,0.00000e+00
1.84570e-02,2.06655e-05,0.00000e+00,1,3.58140e+00,1.00000e-01,3.58140e+00,0.00000e+00
1.86067e-02,2.08369e-05,0.00000e+00,1,3.60680e+00,1.00000e-01,3.60680e+00,0.00000e+00
1.87551e-02,2.09801e-05,0.00000e+00,1,3.63220e+00,1.00000e-01,3.63220e+00,0.00000e+00
1.89021e-02,2.11311e-05,0.00000e+00,1,3.65760e+00,1.00000e-01,3.65760e+00,0.00000e+00
1.90477e-02,2.12761e-05,0.00000e+00,1,3.68300e+00,1.00000e-01,3.68300e+00,0.00000e+00
1.91918e-02,2.14239e-05,0.00000e+00,1,3.70840e+00,1.00000e-01,3.70840e+00,0.00000e+00
1.93345e-02,2.15720e-05,0.00000e+00,1,3.73380e+00,1.00000e-01,3.73380e+00,0.00000e+00
1.94756e-02,2.17213e-05,0.00000e+00,1,3.75920e+00,1.00000e-01,3.75920e+00,0.00000e+00
1.96152e-02,2.18639e-05,0.00000e+00,1,3.78460e+00,1.00000e-01,3.78460e+00,0.00000e+00
1.97532e-02,2.20163e-05,0.00000e+00,1,3.81000e+00,1.00000e-01,3.81000e+00,0.00000e+00
1.98895e-02,2.21634e-05,0.00000e+00,1,3.83540e+00,1.00000e-01,3.83540e+00,0.00000e+00
2.00242e-02,2.23095e-05,0.00000e+00,1,3.86080e+00,1.00000e-01,3.86080e+00,0.00000e+00
2.01573e-02,2.24590e-05,0.00000e+00,1,3.88620e+00,1.00000e-01,3.88620e+00,0.00000e+00
2.02886e-02,2.26097e-05,0.00000e+00,1,3.91160e+00,1.00000e-01,3.91160e+00,0.00000e+00
2.04181e-02,2.27462e-05,0.00000e+00,1,3.93700e+00,1.00000e-01,3.93700e+00,0.00000e+00
2.05459e-02,2.28867e-05,0.00000e+00,1,3.96240e+00,1.00000e-01,3.96240e+00,0.00000e+00
2.06719e-02,2.30405e-05,0.00000e+00,1,3.98780e+00,1.00000e-01,3.98780e+00,0.00000e+00
2.07960e-02,2.31867e-05,0.00000e+00,1,4.01320e+00,1.00000e-01,4.01320e+00,0.00000e+00
2.09182e-02,2.33450e-05,0.00000e+00,1,4.03860e+00,1.00000e-01,4.03860e+00,0.00000e+00
2.10385e-02,2.34901e-05,0.00000e+00,1,4.06400e+00,1.00000e-01,4.06400e+00,0.00000e+00
2.11568e-02,2.36369e-05,0.00000e+00,1,4.08940e+00,1.00000e-01,4.08940e+00,0.00000e+00
2.12732e-02,2.37867e-05,0.00000e+00,1,4.11480e+00,1.00000e-01,4.11480e+00,0.00000e+00
2.13875e-02,2.39349e-05,0.00000e+00,1,4.14020e+00,1.00000e-01,4.14020e+00,0.00000e+00
2.14998e-02,2.40819e-05,0.00000e+00,1,4.16560e+00,1.00000e-01,4.16560e+00,0.00000e+00
2.16100e-02,2.42309e-05,0.00000e+00,1,4.19100e+00,1.00000e-01,4.19100e+00,0.00000e+00
2.17180e-02,2.43754e-05,0.00000e+00,1,4.21640e+00,1.00000e-01,4.21640e+00,0.00000e+00
2.18239e-02,2.45311e-05,0.00000e+00,1,4.24180e+00,1.00000e-01,4.24180e+00,0.00000e+00
2.19276e-02,2.46705e-05,0.00000e+00,1,4.26720e+00,1.00000e-01,4.26720e+00,0.00000e+00
2.20290e-02,2.47883e-05,0.00000e+00,1,4.29260e+00,1.00000e-01,4.29260e+00,0.00000e+00
2.21282e-02,2.49371e-05,0.00000e+00,1,4.31800e+00,1.00000e-01,4.31800e+00,0.00000e+00
2.22251e-02,2.51186e-05,0.00000e+00,1,4.34340e+00,1.00000e-01,4.34340e+00,0.00000e+00
2.23197e-02,2.52352e-05,0.00000e+00,1,4.36880e+00,1.00000e-01,4.36880e+00,0.00000e+00
2.24119e-02,2.54191e-05,0.00000e+00,1,4.39420e+00,1.00000e-01,4.39420e+00,0.00000e+00
2.25018e-02,2.55562e-05,0.00000e+00,1,4.41960e+00,1.00000e-01,4.41960e+00,0.00000e+00
2.25891e-02,2.57094e-05,0.00000e+00,1,4.44500e+00,1.00000e-01,4.44500e+00,0.00000e+00
2.26741e-02,2.58514e-05,0.00000e+00,1,4.47040e+00,1.00000e-01,4.47040e+00,0.00000e+00
2.27565e-02,2.60085e-05,0.00000e+00,1,4.49580e+00,1.00000e-01,4.49580e+00,0.00000e+00
2.28364e-02,2.61296e-05,0.00000e+00,1,4.52120e+00,1.00000e-01,4.52120e+00,0.00000e+00
2.29137e-02,2.62822e-05,0.00000e+00,1,4.54660e+00,1.00000e-01,4.54660e+00,0.00000e+00
2.29885e-02,2.64542e-05,0.00000e+00,1,4.57200e+00,1.00000e-01,4.57200e+00,0.00000e+00
2.30606e-02,2.66061e-05,0.00000e+00,1,4.59740e+00,1.00000e-01,4.59740e+00,0.00000e+00
2.31300e-02,2.67313e-05,0.00000e+00,1,4.62280e+00,1.00000e-01,4.62280e+00,0.00000e+00
2.31968e-02,2.68840e-05,0.00000e+00,1,4.64820e+00,1.00000e-01,4.64820e+00,0.00000e+00
2.32608e-02,2.70318e-05,0.00000e+00,1,4.67360e+00,1.00000e-01,4.67360e+00,0.00000e+00
2.33220e-02,2.71619e-05,0.00000e+00,1,4.69900e+00,1.00000e-01,4.69900e+00,0.00000e+00
2.33805e-02,2.73300e-05,0.00000e+00,1,4.72440e+00,1.00000e-01,4.72440e+00,0.00000e+00
2.34361e-02,2.74788e-05,0.00000e+00,1,4.74980e+00,1.00000e-01,4.74980e+00,0.00000e+00
2.34888e-02,2.76292e-05,0.00000e+00,1,4.77520e+00,1.00000e-01,4.77520e+00,0.00000e+00
2.35386e-02,2.78266e-05,0.00000e+00,1,4.80060e+00,1.00000e-01,4.80060e+00,0.00000e+00
2.35855e-02,2.79475e-05,0.00000e+00,1,4.82600e+00,1.00000e-01,4.82600e+00,0.00000e+00
2.36294e-02,2.81226e-05,0.00000e+00,1,4.85140e+00,1.00000e-01,4.85140e+00,0.00000e+00
2.36703e-02,2.82973e-05,0.00000e+00,1,4.87680e+00,1.00000e-01,4.87680e+00,0.00000e+00
2.37082e-02,2.84942e-05,0.00000e+00,1,4.90220e+00,1.00000e-01,4.90220e+00,0.00000e+00
2.37430e-02,2.86874e-05,0.00000e+00,1,4.92760e+00,1.00000e-01,4.92760e+00,0.00000e+00
2.37747e-02,2.88572e-05,0.00000e+00,1,4.95300e+00,1.00000e-01,4.95300e+00,0.00000e+00
2.38033e-02,2.88951e-05,0.00000e+00,1,4.97840e+00,1.00000e-01,4.97840e+00,0.00000e+00
2.38286e-02,2.87002e-05,0.00000e+00,1,5.00380e+00,1.00000e-01,5.00380e+00,0.00000e+00
2.38505e-02,2.80295e-05,0.00000e+00,1,5.02920e+00,1.00000e-01,5.02920e+00,0.00000e+00
2.38687e-02,2.66669e-05,0.00000e+00,1,5.05460e+00,1.00000e-01,5.05460e+00,0.00000e+00
2.38826e-02,2.45035e-05,0.00000e+00,1,5.08000e+00,1.00000e-01,5.08000e+00,0.00000e+00
2.38919e-02,2.18661e-05,0.00000e+00,1,5.10540e+00,1.00000e-01,5.10540e+00,0.00000e+00
2.38968e-02,1.94634e-05,0.00000e+00,1,5.13080e+00,1.00000e-01,5.13080e+00,0.00000e+00
2.38986e-02,1.77869e-05,0.00000e+00,1,5.15620e+00,1.00000e-01,5.15620e+00,0.00000e+00
2.38985e-02,1.67569e-05,0.00000e+00,1,5.18160e+00,1.00000e-01,5.18160e+00,0.00000e+00
2.38977e-02,1.61374e-05,0.00000e+00,1,5.20700e+00,1.00000e-01,5.20700e+00,0.00000e+00
2.38965e-02,1.56400e-05,0.00000e+00,1,5.23240e+00,1.00000e-01,5.23240e+00,0.00000e+00
2.38953e-02,1.50926e-05,0.00000e+00,1,5.25780e+00,1.00000e-01,5.25780e+00,0.00000e+00
2.38944e-02,1.44454e-05,0.00000e+00,1,5.28320e+00,1.00000e-01,5.28320e+00,0.00000e+00
2.38936e-02,1.36941e-05,0.00000e+00,1,5.30860e+00,1.00000e-01,5.30860e+00,0.00000e+00
2.38930e-02,1.28515e-05,0.00000e+00,1,5.33400e+00,1.00000e-01,5.33400e+00,0.00000e+00
2.38927e-02,1.19540e-05,0.00000e+00,1,5.35940e+00,1.00000e-01,5.35940e+00,0.00000e+00
2.38925e-02,1.10500e-05,0.00000e+00,1,5.38480e+00,1.00000e-01,5.38480e+00,0.00000e+00
2.38924e-02,1.01507e-05,0.00000e+00,1,5.41020e+00,1.00000e-01,5.41020e+00,0.00000e+00
2.38924e-02,9.28558e-06,0.00000e+00,1,5.43560e+00,1.00000e-01,5.43560e+00,0.00000e+00
2.38925e-02,8.47045e-06,0.00000e+00,1,5.46100e+00,1.00000e-01,5.46100e+00,0.00000e+00
2.38926e-02,7.71123e-06,0.00000e+00,1,5.48640e+00,1.00000e-01,5.48640e+00,0.00000e+00
2.38927e-02,7.01249e-06,0.00000e+00,1,5.51180e+00,1.00000e-01,5.51180e+00,0.00000e+00
2.38928e-02,6.37075e-06,0.00000e+00,1,5.53720e+00,1.00000e-01,5.53720e+00,0.00000e+00
2.38930e-02,5.78367e-06,0.00000e+00,1,5.56260e+00,1.00000e-01,5.56260e+00,0.00000e+00
2.38931e-02,5.24004e-06,0.00000e+00,1,5.58800e+00,1.00000e-01,5.58800e+00,0.00000e+00
2.38932e-02,4.73928e-06,0.00000e+00,1,5.61340e+00,1.00000e-01,5.61340e+00,0.00000e+00
2.38932e-02,4.28879e-06,0.00000e+00,1,5.63880e+00,1.00000e-01,5.63880e+00,0.00000e+00
2.38933e-02,3.89298e-06,0.00000e+00,1,5.66420e+00,1.00000e-01,5.66420e+00,0.00000e+00
2.38933e-02,3.54219e-06,0.00000e+00,1,5.68960e+00,1.00000e-01,5.68960e+00,0.00000e+00
2.38934e-02,3.22398e-06,0.00000e+00,1,5.71500e+00,1.00000e-01,5.71500e+00,0.00000e+00
2.38934e-02,2.93142e-06,0.00000e+00,1,5.74040e+00,1.00000e-01,5.74040e+00,0.00000e+00
2.38935e-02,2.66282e-06,0.00000e+00,1,5.76580e+00,1.00000e-01,5.76580e+00,0.00000e+00
2.38936e-02,2.41707e-06,0.00000e+00,1,5.79120e+00,1.00000e-01,5.79120e+00,0.00000e+00
2.38936e-02,2.19316e-06,0.00000e+00,1,5.81660e+00,1.00000e-01,5.81660e+00,0.00000e+00
2.38936e-02,1.98902e-06,0.00000e+00,1,5.84200e+00,1.00000e-01,5.84200e+00,0.00000e+00
2.38937e-02,1.80346e-06,0.00000e+00,1,5.86740e+00,1.00000e-01,5.86740e+00,0.00000e+00
2.38937e-02,1.63467e-06,0.00000e+00,1,5.89280e+00,1.00000e-01,5.89280e+00,0.00000e+00
2.38937e-02,1.48101e-06,0.00000e+00,1,5.91820e+00,1.00000e-01,5.91820e+00,0.00000e+00
2.38938e-02,1.34020e-06,0.00000e+00,1,5.94360e+00,1.00000e-01,5.94360e+00,0.00000e+00
2.38938e-02,1.21321e-06,0.00000e+00,1,5.96900e+00,1.00000e-01,5.96900e+00,0.00000e+00
2.38938e-02,1.09694e-06,0.00000e+00,1,5.99440e+00,1.00000e-01,5.99440e+00,0.00000e+00
2.38938e-02,9.90888e-07,0.00000e+00,1,6.01980e+00,1.00000e-01,6.01980e+00,0.00000e+00
2.38938e-02,8.93832e-07,0.00000e+00,1,6.04520e+00,1.00000e-01,6.04520e+00,0.00000e+00
2.38939e-02,8.04724e-07,0.00000e+00,1,6.07060e+00,1.00000e-01,6.07060e+00,0.00000e+00
2.38939e-02,7.22777e-07,0.00000e+00,1,6.09600e+00,1.00000e-01,6.09600e+00,0.00000e+00
2.38939e-02,6.46078e-07,0.00000e+00,1,6.12140e+00,1.00000e-01,6.12140e+00,0.00000e+00
2.38939e-02,5.73998e-07,0.00000e+00,1,6.14680e+00,1.00000e-01,6.14680e+00,0.00000e+00
2.38939e-02,5.06341e-07,0.00000e+00,1,6.17220e+00,1.00000e-01,6.17220e+00,0.00000e+00
2.38939e-02,4.44114e-07,0.00000e+00,1,6.19760e+00,1.00000e-01,6.19760e+00,0.00000e+00
2.38939e-02,3.87765e-07,0.00000e+00,1,6.22300e+00,1.00000e-01,6.22300e+00,0.00000e+00
2.38939e-02,3.35195e-07,0.00000e+00,1,6.24840e+00,1.00000e-01,6.24840e+00,0.00000e+00
2.38939e-02,2.85519e-07,0.00000e+00,1,6.27380e+00,1.00000e-01,6.27380e+00,0.00000e+00
2.38939e-02,2.37749e-07,0.00000e+00,1,6.29920e+00,1.00000e-01,6.29920e+00,0.00000e+00
2.38939e-02,1.92025e-07,0.00000e+00,1,6.32460e+00,1.00000e-01,6.32460e+00,0.00000e+00
2.38939e-02,1.47694e-07,0.00000e+00,1,6.35000e+00,1.00000e-01,6.35000e+00,0.00000e+00
2.38939e-02,1.04619e-07,0.00000e+00,1,6.37540e+00,1.00000e-01,6.37540e+00,0.00000e+00
2.38939e-02,6.26281e-08,0.00000e+00,1,6.40080e+00,1.00000e-01,6.40080e+00,0.00000e+00
2.38939e-02,2.11203e-08,0.00000e+00,1,6.42620e+00,1.00000e-01,6.42620e+00,0.00000e+00
2.38939e-02,-2.02552e-08,0.00000e+00,1,6.45160e+00,1.00000e-01,6.45160e+00,0.00000e+00
2.38939e-02,-6.18205e-08,0.00000e+00,1,6.47700e+00,1.00000e-01,6.47700e+00,0.00000e+00
2.38939e-02,-1.03858e-07,0.00000e+00,1,6.50240e+00,1.00000e-01,6.50240e+00,0.00000e+00
2.38939e-02,-1.46983e-07,0.00000e+00,1,6.52780e+00,1.00000e-01,6.52780e+00,0.00000e+00
2.38939e-02,-1.91404e-07,0.00000e+00,1,6.55320e+00,1.00000e-01,6.55320e+00,0.00000e+00
2.38939e-02,-2.37388e-07,0.00000e+00,1,6.57860e+00,1.00000e-01,6.57860e+00,0.00000e+00
2.38939e-02,-2.85296e-07,0.00000e+00,1,6.60400e+00,1.00000e-01,6.60400e+00,0.00000e+00
2.38939e-02,-3.35343e-07,0.00000e+00,1,6.62940e+00,1.00000e-01,6.62940e+00,0.00000e+00
2.38939e-02,-3.87846e-07,0.00000e+00,1,6.65480e+00,1.00000e-01,6.65480e+00,0.00000e+00
2.38939e-02,-4.43578e-07,0.00000e+00,1,6.68020e+00,1.00000e-01,6.68020e+00,0.00000e+00
2.38939e-02,-5.04093e-07,0.00000e+00,1,6.70560e+00,1.00000e-01,6.70560e+00,0.00000e+00
2.38939e-02,-5.71034e-07,0.00000e+00,1,6.73100e+00,1.00000e-01,6.73100e+00,0.00000e+00
2.38939e-02,-6.43766e-07,0.00000e+00,1,6.75640e+00,1.00000e-01,6.75640e+00,0.00000e+00
2.38939e-02,-7.21454e-07,0.00000e+00,1,6.78180e+00,1.00000e-01,6.78180e+00,0.00000e+00
2.38939e-02,-8.04345e-07,0.00000e+00,1,6.80720e+00,1.00000e-01,6.80720e+00,0.00000e+00
2.38938e-02,-8.93280e-07,0.00000e+00,1,6.83260e+00,1.00000e-01,6.83260e+00,0.00000e+00
2.38938e-02,-9.89720e-07,0.00000e+00,1,6.85800e+00,1.00000e-01,6.85800e+00,0.00000e+00
2.38938e-02,-1.09516e-06,0.00000e+00,1,6.88340e+00,1.00000e-01,6.88340e+00,0.00000e+00
2.38938e-02,-1.21109e-06,0.00000e+00,1,6.90880e+00,1.00000e-01,6.90880e+00,0.00000e+00
2.38938e-02,-1.33807e-06,0.00000e+00,1,6.93420e+00,1.00000e-01,6.93420e+00,0.00000e+00
2.38937e-02,-1.47696e-06,0.00000e+00,1,6.95960e+00,1.00000e-01,6.95960e+00,0.00000e+00
2.38937e-02,-1.63018e-06,0.00000e+00,1,6.98500e+00,1.00000e-01,6.98500e+00,0.00000e+00
2.38937e-02,-1.79822e-06,0.00000e+00,1,7.01040e+00,1.00000e-01,7.01040e+00,0.00000e+00
2.38936e-02,-1.98300e-06,0.00000e+00,1,7.03580e+00,1.00000e-01,7.03580e+00,0.00000e+00
2.38936e-02,-2.18595e-06,0.00000e+00,1,7.06120e+00,1.00000e-01,7.06120e+00,0.00000e+00
2.38936e-02,-2.40929e-06,0.00000e+00,1,7.08660e+00,1.00000e-01,7.08660e+00,0.00000e+00
2.38935e-02,-2.65494e-06,0.00000e+00,1,7.11200e+00,1.00000e-01,7.11200e+00,0.00000e+00
2.38935e-02,-2.92432e-06,0.00000e+00,1,7.13740e+00,1.00000e-01,7.13740e+00,0.00000e+00
2.38934e-02,-3.21914e-06,0.00000e+00,1,7.16280e+00,1.00000e-01,7.16280e+00,0.00000e+00
2.38933e-02,-3.54111e-06,0.00000e+00,1,7.18820e+00,1.00000e-01,7.18820e+00,0.00000e+00
2.38933e-02,-3.89121e-06,0.00000e+00,1,7.21360e+00,1.00000e-01,7.21360e+00,0.00000e+00
2.38932e-02,-4.27620e-06,0.00000e+00,1,7.23900e+00,1.00000e-01,7.23900e+00,0.00000e+00
2.38932e-02,-4.70772e-06,0.00000e+00,1,7.26440e+00,1.00000e-01,7.26440e+00,0.00000e+00
2.38931e-02,-5.19968e-06,0.00000e+00,1,7.28980e+00,1.00000e-01,7.28980e+00,0.00000e+00
2.38930e-02,-5.74850e-06,0.00000e+00,1,7.31520e+00,1.00000e-01,7.31520e+00,0.00000e+00
2.38929e-02,-6.34793e-06,0.00000e+00,1,7.34060e+00,1.00000e-01,7.34060e+00,0.00000e+00
2.38927e-02,-6.99455e-06,0.00000e+00,1,7.36600e+00,1.00000e-01,7.36600e+00,0.00000e+00
2.38926e-02,-7.69758e-06,0.00000e+00,1,7.39140e+00,1.00000e-01,7.39140e+00,0.00000e+00
2.38924e-02,-8.46105e-06,0.00000e+00,1,7.41680e+00,1.00000e-01,7.41680e+00,0.00000e+00
2.38923e-02,-9.29359e-06,0.00000e+00,1,7.44220e+00,1.00000e-01,7.44220e+00,0.00000e+00
2.38923e-02,-1.01852e-05,0.00000e+00,1,7.46760e+00,1.00000e-01,7.46760e+00,0.00000e+00
2.38923e-02,-1.11250e-05,0.00000e+00,1,7.49300e+00,1.00000e-01,7.49300e+00,0.00000e+00
2.38924e-02,-1.20990e-05,0.00000e+00,1,7.51840e+00,1.00000e-01,7.51840e+00,0.00000e+00
2.38926e-02,-1.30773e-05,0.00000e+00,1,7.54380e+00,1.00000e-01,7.54380e+00,0.00000e+00
2.38930e-02,-1.40425e-05,0.00000e+00,1,7.56920e+00,1.00000e-01,7.56920e+00,0.00000e+00
2.38937e-02,-1.49352e-05,0.00000e+00,1,7.59460e+00,1.00000e-01,7.59460e+00,0.00000e+00
2.38945e-02,-1.57338e-05,0.00000e+00,1,7.62000e+00,1.00000e-01,7.62000e+00,0.00000e+00
2.38956e-02,-1.64138e-05,0.00000e+00,1,7.64540e+00,1.00000e-01,7.64540e+00,0.00000e+00
2.38969e-02,-1.69902e-05,0.00000e+00,1,7.67080e+00,1.00000e-01,7.67080e+00,0.00000e+00
2.38981e-02,-1.75531e-05,0.00000e+00,1,7.69620e+00,1.00000e-01,7.69620e+00,0.00000e+00
2.38989e-02,-1.82896e-05,0.00000e+00,1,7.72160e+00,1.00000e-01,7.72160e+00,0.00000e+00
2.38987e-02,-1.94669e-05,0.00000e+00,1,7.74700e+00,1.00000e-01,7.74700e+00,0.00000e+00
2.38963e-02,-2.14476e-05,0.00000e+00,1,7.77240e+00,1.00000e-01,7.77240e+00,0.00000e+00
2.38903e-02,-2.41250e-05,0.00000e+00,1,7.79780e+00,1.00000e-01,7.79780e+00,0.00000e+00
2.38795e-02,-2.69298e-05,0.00000e+00,1,7.82320e+00,1.00000e-01,7.82320e+00,0.00000e+00
2.38637e-02,-2.91421e-05,0.00000e+00,1,7.84860e+00,1.00000e-01,7.84860e+00,0.00000e+00
2.38433e-02,-3.04862e-05,0.00000e+00,1,7.87400e+00,1.00000e-01,7.87400e+00,0.00000e+00
2.38191e-02,-3.10910e-05,0.00000e+00,1,7.89940e+00,1.00000e-01,7.89940e+00,0.00000e+00
2.37912e-02,-3.12335e-05,0.00000e+00,1,7.92480e+00,1.00000e-01,7.92480e+00,0.00000e+00
2.37598e-02,-3.11731e-05,0.00000e+00,1,7.95020e+00,1.00000e-01,7.95020e+00,0.00000e+00
2.37250e-02,-3.09992e-05,0.00000e+00,1,7.97560e+00,1.00000e-01,7.97560e+00,0.00000e+00
2.36869e-02,-3.07732e-05,0.00000e+00,1,8.00100e+00,1.00000e-01,8.00100e+00,0.00000e+00
2.36454e-02,-3.05440e-05,0.00000e+00,1,8.02640e+00,1.00000e-01,8.02640e+00,0.00000e+00
2.36008e-02,-3.03414e-05,0.00000e+00,1,8.05180e+00,1.00000e-01,8.05180e+00,0.00000e+00
2.35529e-02,-3.01322e-05,0.00000e+00,1,8.07720e+00,1.00000e-01,8.07720e+00,0.00000e+00
2.35018e-02,-2.99476e-05,0.00000e+00,1,8.10260e+00,1.00000e-01,8.10260e+00,0.00000e+00
2.34475e-02,-2.97713e-05,0.00000e+00,1,8.12800e+00,1.00000e-01,8.12800e+00,0.00000e+00
2.33902e-02,-2.96119e-05,0.00000e+00,1,8.15340e+00,1.00000e-01,8.15340e+00,0.00000e+00
2.33298e-02,-2.94428e-05,0.00000e+00,1,8.17880e+00,1.00000e-01,8.17880e+00,0.00000e+00
2.32664e-02,-2.92911e-05,0.00000e+00,1,8.20420e+00,1.00000e-01,8.20420e+00,0.00000e+00
2.32000e-02,-2.91192e-05,0.00000e+00,1,8.22960e+00,1.00000e-01,8.22960e+00,0.00000e+00
2.31306e-02,-2.89531e-05,0.00000e+00,1,8.25500e+00,1.00000e-01,8.25500e+00,0.00000e+00
2.30583e-02,-2.87865e-05,0.00000e+00,1,8.28040e+00,1.00000e-01,8.28040e+00,0.00000e+00
2.29831e-02,-2.86231e-05,0.00000e+00,1,8.30580e+00,1.00000e-01,8.30580e+00,0.00000e+00
2.29050e-02,-2.84432e-05,0.00000e+00,1,8.33120e+00,1.00000e-01,8.33120e+00,0.00000e+00
2.28242e-02,-2.82968e-05,0.00000e+00,1,8.35660e+00,1.00000e-01,8.35660e+00,0.00000e+00
2.27406e-02,-2.81224e-05,0.00000e+00,1,8.38200e+00,1.00000e-01,8.38200e+00,0.00000e+00
2.26543e-02,-2.79557e-05,0.00000e+00,1,8.40740e+00,1.00000e-01,8.40740e+00,0.00000e+00
2.25653e-02,-2.77896e-05,0.00000e+00,1,8.43280e+00,1.00000e-01,8.43280e+00,0.00000e+00
2.24736e-02,-2.76235e-05,0.00000e+00,1,8.45820e+00,1.00000e-01,8.45820e+00,0.00000e+00
2.23793e-02,-2.74572e-05,0.00000e+00,1,8.48360e+00,1.00000e-01,8.48360e+00,0.00000e+00
2.22824e-02,-2.73074e-05,0.00000e+00,1,8.50900e+00,1.00000e-01,8.50900e+00,0.00000e+00
2.21829e-02,-2.71291e-05,0.00000e+00,1,8.53440e+00,1.00000e-01,8.53440e+00,0.00000e+00
2.20810e-02,-2.69630e-05,0.00000e+00,1,8.55980e+00,1.00000e-01,8.55980e+00,0.00000e+00
2.19766e-02,-2.67963e-05,0.00000e+00,1,8.58520e+00,1.00000e-01,8.58520e+00,0.00000e+00
2.18698e-02,-2.66195e-05,0.00000e+00,1,8.61060e+00,1.00000e-01,8.61060e+00,0.00000e+00
2.17606e-02,-2.64604e-05,0.00000e+00,1,8.63600e+00,1.00000e-01,8.63600e+00,0.00000e+00
2.16491e-02,-2.62946e-05,0.00000e+00,1,8.66140e+00,1.00000e-01,8.66140e+00,0.00000e+00
2.15352e-02,-2.61271e-05,0.00000e+00,1,8.68680e+00,1.00000e-01,8.68680e+00,0.00000e+00
2.14191e-02,-2.59652e-05,0.00000e+00,1,8.71220e+00,1.00000e-01,8.71220e+00,0.00000e+00
2.13007e-02,-2.57906e-05,0.00000e+00,1,8.73760e+00,1.00000e-01,8.73760e+00,0.00000e+00
2.11802e-02,-2.56217e-05,0.00000e+00,1,8.76300e+00,1.00000e-01,8.76300e+00,0.00000e+00
2.10574e-02,-2.54618e-05,0.00000e+00,1,8.78840e+00,1.00000e-01,8.78840e+00,0.00000e+00
2.09326e-02,-2.52933e-05,0.00000e+00,1,8.81380e+00,1.00000e-01,8.81380e+00,0.00000e+00
2.08057e-02,-2.51345e-05,0.00000e+00,1,8.83920e+00,1.00000e-01,8.83920e+00,0.00000e+00
2.06767e-02,-2.49687e-05,0.00000e+00,1,8.86460e+00,1.00000e-01,8.86460e+00,0.00000e+00
2.05457e-02,-2.47939e-05,0.00000e+00,1,8.89000e+00,1.00000e-01,8.89000e+00,0.00000e+00
2.04128e-02,-2.46269e-05,0.00000e+00,1,8.91540e+00,1.00000e-01,8.91540e+00,0.00000e+00
2.02779e-02,-2.44615e-05,0.00000e+00,1,8.94080e+00,1.00000e-01,8.94080e+00,0.00000e+00
2.01412e-02,-2.42977e-05,0.00000e+00,1,8.96620e+00,1.00000e-01,8.96620e+00,0.00000e+00
2.00025e-02,-2.41300e-05,0.00000e+00,1,8.99160e+00,1.00000e-01,8.99160e+00,0.00000e+00
1.98621e-02,-2.39655e-05,0.00000e+00,1,9.01700e+00,1.00000e-01,9.01700e+00,0.00000e+00
1.97199e-02,-2.37995e-05,0.00000e+00,1,9.04240e+00,1.00000e-01,9.04240e+00,0.00000e+00
1.95759e-02,-2.36292e-05,0.00000e+00,1,9.06780e+00,1.00000e-01,9.06780e+00,0.00000e+00
1.94302e-02,-2.34538e-05,0.00000e+00,1,9.09320e+00,1.00000e-01,9.09320e+00,0.00000e+00
1.92829e-02,-2.33055e-05,0.00000e+00,1,9.11860e+00,1.00000e-01,9.11860e+00,0.00000e+00
1.91339e-02,-2.31415e-05,0.00000e+00,1,9.14400e+00,1.00000e-01,9.14400e+00,0.00000e+00
1.89834e-02,-2.29618e-05,0.00000e+00,1,9.16940e+00,1.00000e-01,9.16940e+00,0.00000e+00
1.88313e-02,-2.28017e-05,0.00000e+00,1,9.19480e+00,1.00000e-01,9.19480e+00,0.00000e+00
1.86777e-02,-2.26355e-05,0.00000e+00,1,9.22020e+00,1.00000e-01,9.22020e+00,0.00000e+00
1.85226e-02,-2.24659e-05,0.00000e+00,1,9.24560e+00,1.00000e-01,9.24560e+00,0.00000e+00
1.83661e-02,-2.23080e-05,0.00000e+00,1,9.27100e+00,1.00000e-01,9.27100e+00,0.00000e+00
1.82081e-02,-2.21365e-05,0.00000e+00,1,9.29640e+00,1.00000e-01,9.29640e+00,0.00000e+00
1.80489e-02,-2.19729e-05,0.00000e+00,1,9.32180e+00,1.00000e-01,9.32180e+00,0.00000e+00
1.78883e-02,-2.18153e-05,0.00000e+00,1,9.34720e+00,1.00000e-01,9.34720e+00,0.00000e+00
1.77264e-02,-2.16316e-05,0.00000e+00,1,9.37260e+00,1.00000e-01,9.37260e+00,0.00000e+00
1.75633e-02,-2.14747e-05,0.00000e+00,1,9.39800e+00,1.00000e-01,9.39800e+00,0.00000e+00
1.73989e-02,-2.13052e-05,0.00000e+00,1,9.42340e+00,1.00000e-01,9.42340e+00,0.00000e+00
1.72334e-02,-2.11423e-05,0.00000e+00,1,9.44880e+00,1.00000e-01,9.44880e+00,0.00000e+00
1.70668e-02,-2.09726e-05,0.00000e+00,1,9.47420e+00,1.00000e-01,9.47420e+00,0.00000e+00
1.68990e-02,-2.08056e-05,0.00000e+00,1,9.49960e+00,1.00000e-01,9.49960e+00,0.00000e+00
1.67303e-02,-2.06402e-05,0.00000e+00,1,9.52500e+00,1.00000e-01,9.52500e+00,0.00000e+00
1.65604e-02,-2.04734e-05,0.00000e+00,1,9.55040e+00,1.00000e-01,9.55040e+00,0.00000e+00
1.63896e-02,-2.03073e-05,0.00000e+00,1,9.57580e+00,1.00000e-01,9.57580e+00,0.00000e+00
1.62179e-02,-2.01413e-05,0.00000e+00,1,9.60120e+00,1.00000e-01,9.60120e+00,0.00000e+00
1.60453e-02,-1.99749e-05,0.00000e+00,1,9.62660e+00,1.00000e-01,9.62660e+00,0.00000e+00
1.58718e-02,-1.98065e-05,0.00000e+00,1,9.65200e+00,1.00000e-01,9.65200e+00,0.00000e+00
1.56974e-02,-1.96378e-05,0.00000e+00,1,9.67740e+00,1.00000e-01,9.67740e+00,0.00000e+00
1.55223e-02,-1.94724e-05,0.00000e+00,1,9.70280e+00,1.00000e-01,9.70280e+00,0.00000e+00
1.53464e-02,-1.93030e-05,0.00000e+00,1,9.72820e+00,1.00000e-01,9.72820e+00,0.00000e+00
1.51698e-02,-1.91488e-05,0.00000e+00,1,9.75360e+00,1.00000e-01,9.75360e+00,0.00000e+00
1.49926e-02,-1.89791e-05,0.00000e+00,1,9.77900e+00,1.00000e-01,9.77900e+00,0.00000e+00
1.48147e-02,-1.88099e-05,0.00000e+00,1,9.80440e+00,1.00000e-01,9.80440e+00,0.00000e+00
1.46362e-02,-1.86447e-05,0.00000e+00,1,9.82980e+00,1.00000e-01,9.82980e+00,0.00000e+00
1.44571e-02,-1.84785e-05,0.00000e+00,1,9.85520e+00,1.00000e-01,9.85520e+00,0.00000e+00
1.42775e-02,-1.83112e-05,0.00000e+00,1,9.88060e+00,1.00000e-01,9.88060e+00,0.00000e+00
1.40975e-02,-1.81442e-05,0.00000e+00,1,9.90600e+00,1.00000e-01,9.90600e+00,0.00000e+00
1.39169e-02,-1.79836e-05,0.00000e+00,1,9.93140e+00,1.00000e-01,9.93140e+00,0.00000e+00
1.37360e-02,-1.78193e-05,0.00000e+00,1,9.95680e+00,1.00000e-01,9.95680e+00,0.00000e+00
1.35547e-02,-1.76513e-05,0.00000e+00,1,9.98220e+00,1.00000e-01,9.98220e+00,0.00000e+00
1.33731e-02,-1.74809e-05,0.00000e+00,1,1.00076e+01,1.00000e-01,1.00076e+01,0.00000e+00
1.31911e-02,-1.73153e-05,0.00000e+00,1,1.00330e+01,1.00000e-01,1.00330e+01,0.00000e+00
1.30090e-02,-1.71476e-05,0.00000e+00,1,1.00584e+01,1.00000e-01,1.00584e+01,0.00000e+00
1.28265e-02,-1.69806e-05,0.00000e+00,1,1.00838e+01,1.00000e-01,1.00838e+01,0.00000e+00
1.26440e-02,-1.68159e-05,0.00000e+00,1,1.01092e+01,1.00000e-01,1.01092e+01,0.00000e+00
1.24612e-02,-1.66491e-05,0.00000e+00,1,1.01346e+01,1.00000e-01,1.01346e+01,0.00000e+00
1.22784e-02,-1.64826e-05,0.00000e+00,1,1.01600e+01,1.00000e-01,1.01600e+01,0.00000e+00
1.20955e-02,-1.63168e-05,0.00000e+00,1,1.01854e+01,1.00000e-01,1.01854e+01,0.00000e+00
1.19125e-02,-1.61508e-05,0.00000e+00,1,1.02108e+01,1.00000e-01,1.02108e+01,0.00000e+00
1.17296e-02,-1.59842e-05,0.00000e+00,1,1.02362e+01,1.00000e-01,1.02362e+01,0.00000e+00
1.15467e-02,-1.58189e-05,0.00000e+00,1,1.02616e+01,1.00000e-01,1.02616e+01,0.00000e+00
1.13640e-02,-1.56523e-05,0.00000e+00,1,1.02870e+01,1.00000e-01,1.02870e+01,0.00000e+00
1.11813e-02,-1.54870e-05,0.00000e+00,1,1.03124e+01,1.00000e-01,1.03124e+01,0.00000e+00
1.09988e-02,-1.53208e-05,0.00000e+00,1,1.03378e+01,1.00000e-01,1.03378e+01,0.00000e+00
1.08165e-02,-1.51525e-05,0.00000e+00,1,1.03632e+01,1.00000e-01,1.03632e+01,0.00000e+00
1.06344e-02,-1.49875e-05,0.00000e+00,1,1.03886e+01,1.00000e-01,1.03886e+01,0.00000e+00
1.04526e-02,-1.48205e-05,0.00000e+00,1,1.04140e+01,1.00000e-01,1.04140e+01,0.00000e+00
1.02711e-02,-1.46541e-05,0.00000e+00,1,1.04394e+01,1.00000e-01,1.04394e+01,0.00000e+00
1.00900e-02,-1.44882e-05,0.00000e+00,1,1.04648e+01,1.00000e-01,1.04648e+01,0.00000e+00
9.90922e-03,-1.43283e-05,0.00000e+00,1,1.04902e+01,1.00000e-01,1.04902e+01,0.00000e+00
9.72889e-03,-1.41610e-05,0.00000e+00,1,1.05156e+01,1.00000e-01,1.05156e+01,0.00000e+00
9.54904e-03,-1.39892e-05,0.00000e+00,1,1.05410e+01,1.00000e-01,1.05410e+01,0.00000e+00
9.36969e-03,-1.38229e-05,0.00000e+00,1,1.05664e+01,1.00000e-01,1.05664e+01,0.00000e+00
9.19088e-03,-1.36583e-05,0.00000e+00,1,1.05918e+01,1.00000e-01,1.05918e+01,0.00000e+00
9.01265e-03,-1.34903e-05,0.00000e+00,1,1.06172e+01,1.00000e-01,1.06172e+01,0.00000e+00
8.83504e-03,-1.33245e-05,0.00000e+00,1,1.06426e+01,1.00000e-01,1.06426e+01,0.00000e+00
8.65808e-03,-1.31585e-05,0.00000e+00,1,1.06680e+01,1.00000e-01,1.06680e+01,0.00000e+00
8.48182e-03,-1.29876e-05,0.00000e+00,1,1.06934e+01,1.00000e-01,1.06934e+01,0.00000e+00
8.30630e-03,-1.28334e-05,0.00000e+00,1,1.07188e+01,1.00000e-01,1.07188e+01,0.00000e+00
8.13154e-03,-1.26559e-05,0.00000e+00,1,1.07442e+01,1.00000e-01,1.07442e+01,0.00000e+00
7.95758e-03,-1.25006e-05,0.00000e+00,1,1.07696e+01,1.00000e-01,1.07696e+01,0.00000e+00
7.78447e-03,-1.23342e-05,0.00000e+00,1,1.07950e+01,1.00000e-01,1.07950e+01,0.00000e+00
7.61224e-03,-1.21587e-05,0.00000e+00,1,1.08204e+01,1.00000e-01,1.08204e+01,0.00000e+00
7.44094e-03,-1.19856e-05,0.00000e+00,1,1.08458e+01,1.00000e-01,1.08458e+01,0.00000e+00
7.27059e-03,-1.18278e-05,0.00000e+00,1,1.08712e+01,1.00000e-01,1.08712e+01,0.00000e+00
7.10125e-03,-1.16631e-05,0.00000e+00,1,1.08966e+01,1.00000e-01,1.08966e+01,0.00000e+00
6.93293e-03,-1.14858e-05,0.00000e+00,1,1.09220e+01,1.00000e-01,1.09220e+01,0.00000e+00
6.76569e-03,-1.13268e-05,0.00000e+00,1,1.09474e+01,1.00000e-01,1.09474e+01,0.00000e+00
6.59956e-03,-1.11602e-05,0.00000e+00,1,1.09728e+01,1.00000e-01,1.09728e+01,0.00000e+00
6.43458e-03,-1.09955e-05,0.00000e+00,1,1.09982e+01,1.00000e-01,1.09982e+01,0.00000e+00
6.27079e-03,-1.08297e-05,0.00000e+00,1,1.10236e+01,1.00000e-01,1.10236e+01,0.00000e+00
6.10822e-03,-1.06777e-05,0.00000e+00,1,1.10490e+01,1.00000e-01,1.10490e+01,0.00000e+00
5.94692e-03,-1.04959e-05,0.00000e+00,1,1.10744e+01,1.00000e-01,1.10744e+01,0.00000e+00
5.78691e-03,-1.03382e-05,0.00000e+00,1,1.10998e+01,1.00000e-01,1.10998e+01,0.00000e+00
5.62825e-03,-1.01646e-05,0.00000e+00,1,1.11252e+01,1.00000e-01,1.11252e+01,0.00000e+00
5.47098e-03,-9.99929e-06,0.00000e+00,1,1.11506e+01,1.00000e-01,1.11506e+01,0.00000e+00
5.31512e-03,-9.82626e-06,0.00000e+00,1,1.11760e+01,1.00000e-01,1.11760e+01,0.00000e+00
5.16072e-03,-9.66610e-06,0.00000e+00,1,1.12014e+01,1.00000e-01,1.12014e+01,0.00000e+00
5.00780e-03,-9.49858e-06,0.00000e+00,1,1.12268e+01,1.00000e-01,1.12268e+01,0.00000e+00
4.85642e-03,-9.33985e-06,0.00000e+00,1,1.12522e+01,1.00000e-01,1.12522e+01,0.00000e+00
4.70661e-03,-9.16170e-06,0.00000e+00,1,1.12776e+01,1.00000e-01,1.12776e+01,0.00000e+00
4.55840e-03,-8.99187e-06,0.00000e+00,1,1.13030e+01,1.00000e-01,1.13030e+01,0.00000e+00
4.41184e-03,-8.84625e-06,0.00000e+00,1,1.13284e+01,1.00000e-01,1.13284e+01,0.00000e+00
4.26695e-03,-8.68185e-06,0.00000e+00,1,1.13538e+01,1.00000e-01,1.13538e+01,0.00000e+00
4.12378e-03,-8.49826e-06,0.00000e+00,1,1.13792e+01,1.00000e-01,1.13792e+01,0.00000e+00
3.98237e-03,-8.33596e-06,0.00000e+00,1,1.14046e+01,1.00000e-01,1.14046e+01,0.00000e+00
3.84276e-03,-8.17058e-06,0.00000e+00,1,1.14300e+01,1.00000e-01,1.14300e+01,0.00000e+00
3.70499e-03,-8.01067e-06,0.00000e+00,1,1.14554e+01,1.00000e-01,1.14554e+01,0.00000e+00
3.56907e-03,-7.84234e-06,0.00000e+00,1,1.14808e+01,1.00000e-01,1.14808e+01,0.00000e+00
3.43508e-03,-7.67731e-06,0.00000e+00,1,1.15062e+01,1.00000e-01,1.15062e+01,0.00000e+00
3.30302e-03,-7.49816e-06,0.00000e+00,1,1.15316e+01,1.00000e-01,1.15316e+01,0.00000e+00
3.17295e-03,-7.33825e-06,0.00000e+00,1,1.15570e+01,1.00000e-01,1.15570e+01,0.00000e+00
3.04491e-03,-7.17182e-06,0.00000e+00,1,1.15824e+01,1.00000e-01,1.15824e+01,0.00000e+00
2.91893e-03,-7.00558e-06,0.00000e+00,1,1.16078e+01,1.00000e-01,1.16078e+01,0.00000e+00
2.79505e-03,-6.84741e-06,0.00000e+00,1,1.16332e+01,1.00000e-01,1.16332e+01,0.00000e+00
2.67331e-03,-6.67313e-06,0.00000e+00,1,1.16586e+01,1.00000e-01,1.16586e+01,0.00000e+00
2.55377e-03,-6.49897e-06,0.00000e+00,1,1.16840e+01,1.00000e-01,1.16840e+01,0.00000e+00
2.43645e-03,-6.34469e-06,0.00000e+00,1,1.17094e+01,1.00000e-01,1.17094e+01,0.00000e+00
2.32136e-03,-6.17450e-06,0.00000e+00,1,1.17348e+01,1.00000e-01,1.17348e+01,0.00000e+00
2.20858e-03,-6.00447e-06,0.00000e+00,1,1.17602e+01,1.00000e-01,1.17602e+01,0.00000e+00
2.09811e-03,-5.84178e-06,0.00000e+00,1,1.17856e+01,1.00000e-01,1.17856e+01,0.00000e+00
1.99001e-03,-5.67562e-06,0.00000e+00,1,1.18110e+01,1.00000e-01,1.18110e+01,0.00000e+00
1.88433e-03,-5.49793e-06,0.00000e+00,1,1.18364e+01,1.00000e-01,1.18364e+01,0.00000e+00
1.78107e-03,-5.34896e-06,0.00000e+00,1,1.18618e+01,1.00000e-01,1.18618e+01,0.00000e+00
1.68029e-03,-5.16729e-06,0.00000e+00,1,1.18872e+01,1.00000e-01,1.18872e+01,0.00000e+00
1.58206e-03,-4.99016e-06,0.00000e+00,1,1.19126e+01,1.00000e-01,1.19126e+01,0.00000e+00
1.48636e-03,-4.82361e-06,0.00000e+00,1,1.19380e+01,1.00000e-01,1.19380e+01,0.00000e+00
1.39325e-03,-4.66894e-06,0.00000e+00,1,1.19634e+01,1.00000e-01,1.19634e+01,0.00000e+00
1.30277e-03,-4.51491e-06,0.00000e+00,1,1.19888e+01,1.00000e-01,1.19888e+01,0.00000e+00
1.21496e-03,-4.34527e-06,0.00000e+00,1,1.20142e+01,1.00000e-01,1.20142e+01,0.00000e+00
1.12988e-03,-4.20282e-06,0.00000e+00,1,1.20396e+01,1.00000e-01,1.20396e+01,0.00000e+00
1.04753e-03,-4.04506e-06,0.00000e+00,1,1.20650e+01,1.00000e-01,1.20650e+01,0.00000e+00
9.67968e-04,-3.84051e-06,0.00000e+00,1,1.20904e+01,1.00000e-01,1.20904e+01,0.00000e+00
8.91215e-04,-3.70222e-06,0.00000e+00,1,1.21158e+01,1.00000e-01,1.21158e+01,0.00000e+00
8.17336e-04,-3.51401e-06,0.00000e+00,1,1.21412e+01,1.00000e-01,1.21412e+01,0.00000e+00
7.46331e-04,-3.34274e-06,0.00000e+00,1,1.21666e+01,1.00000e-01,1.21666e+01,0.00000e+00
6.78306e-04,-3.18159e-06,0.00000e+00,1,1.21920e+01,1.00000e-01,1.21920e+01,0.00000e+00
6.13259e-04,-3.01546e-06,0.00000e+00,1,1.22174e+01,1.00000e-01,1.22174e+01,0.00000e+00
5.51227e-04,-2.85146e-06,0.00000e+00,1,1.22428e+01,1.00000e-01,1.22428e+01,0.00000e+00
4.92247e-04,-2.68055e-06,0.00000e+00,1,1.22682e+01,1.00000e-01,1.22682e+01,0.00000e+00
4.36356e-04,-2.52047e-06,0.00000e+00,1,1.22936e+01,1.00000e-01,1.22936e+01,0.00000e+00
3.83599e-04,-2.33886e-06,0.00000e+00,1,1.23190e+01,1.00000e-01,1.23190e+01,0.00000e+00
3.33989e-04,-2.19148e-06,0.00000e+00,1,1.23444e+01,1.00000e-01,1.23444e+01,0.00000e+00
2.87697e-04,-2.03533e-06,0.00000e+00,1,1.23698e+01,1.00000e-01,1.23698e+01,0.00000e+00
2.44579e-04,-1.80846e-06,0.00000e+00,1,1.23952e+01,1.00000e-01,1.23952e+01,0.00000e+00
2.04624e-04,-1.57177e-06,0.00000e+00,1,1.24206e+01,1.00000e-01,1.24206e+01,0.00000e+00
1.68048e-04,-1.51751e-06,0.00000e+00,1,1.24460e+01,1.00000e-01,1.24460e+01,0.00000e+00
1.34728e-04,-1.36164e-06,0.00000e+00,1,1.24714e+01,1.00000e-01,1.24714e+01,0.00000e+00
1.04971e-04,-1.11155e-06,0.00000e+00,1,1.24968e+01,1.00000e-01,1.24968e+01,0.00000e+00
7.85770e-05,-9.35270e-07,0.00000e+00,1,1.25222e+01,1.00000e-01,1.25222e+01,0.00000e+00
5.56512e-05,-7.15548e-07,0.00000e+00,1,1.25476e+01,1.00000e-01,1.25476e+01,0.00000e+00
3.60640e-05,-6.57860e-07,0.00000e+00,1,1.25730e+01,1.00000e-01,1.25730e+01,0.00000e+00
2.01140e-05,-5.77026e-07,0.00000e+00,1,1.25984e+01,1.00000e-01,1.25984e+01,0.00000e+00
7.66431e-06,-3.78135e-07,0.00000e+00,1,1.26238e+01,1.00000e-01,1.26238e+01,0.00000e+00
-1.06139e-06,-2.95994e-08,0.00000e+00,1,1.26492e+01,1.00000e-01,1.26492e+01,0.00000e+00
-4.35015e-06,-1.82049e-08,0.00000e+00,1,1.26746e+01,1.00000e-01,1.26746e+01,0.00000e+00
-4.87790e-11,-6.24047e-13,0.00000e+00,1,1.27000e+01,1.00000e-01,1.27000e+01,0.00000e+00
